Brute force
Average 0.0639727
0.004015922546386719	0.002986431121826172	0.0009989738464355469	0.0010008811950683594	0.0	0.4646871089935303	0.00099945068359375	0.0010001659393310547	0.16303730010986328	0.0010004043579101562	

Greedy heuristic
Average 0.0007986
0.0009839534759521484	0.0010020732879638672	0.0009989738464355469	0.00099945068359375	0.0	0.0010008811950683594	0.0010023117065429688	0.0	0.0009982585906982422	0.0009996891021728516	

nx based algorithm
Average 0.0661607
0.004993915557861328	0.0023651123046875	0.0010058879852294922	0.00101470947265625	0.0009849071502685547	0.5096609592437744	0.0010013580322265625	0.001999378204345703	0.13757658004760742	0.0010037422180175781	